Indian:

               R1 > D1 > G1 > N1 > m1
               |    |    |    |    |
r1 > d1 > g1 > n1 > M1 > S  > P  > R2 > D2 > G2 > N2 > m2
                    |    |    |    |    |
                    r2 > d2 > g2 > n2 > M2

Western (low-case notes a flat, ♯ is... sharp):

               D1 > A1 > E1 > B1 > F♯1
               |    |    |    |    |
d1 > a1 > e1 > b1 > F1 > C  > G  > D2 > A2 > E2 > B2 > F♯2
                    |    |    |    |    |
                    d2 > a2 > e2 > b2 > F♯2

First row:
[[1,54,0],[0,54,618],[1,61,618],[0,61,1236],[1,56,1236],[0,56,1854],[1,63,1854],[0,63,2472],[1,58,2472],[0,58,3090]]

Middle row:

[[1,53,0],[0,53,583],[1,60,583],[0,60,1166],[1,55,1166],[0,55,1749],[1,62,1749],[0,62,2332],[1,57,2332],[0,57,2915],[1,52,2915],[0,52,3498],[1,59,3498],[0,59,4081],[1,67,4081],[0,67,4664],[1,74,4664],[0,74,5247],[1,69,5247],[0,69,5830],[1,67,5830],[0,67,6413],[1,74,6413],[0,74,6995],[1,69,6995],[0,69,7579],[1,76,7579],[0,76,8161],[1,71,8161],[0,71,8745]]

Last row:
[[1,67,0],[0,67,543],[1,74,543],[0,74,1085],[1,69,1085],[0,69,1628],[1,76,1628],[0,76,2170],[1,71,2170],[0,71,2713]]

Combination:
Middle d1 .. G -> low a2 .. b2

[[1,53,0],[0,53,583],[1,60,583],[0,60,1166],[1,55,1166],[0,55,1749],[1,62,1749],[0,62,2332],[1,57,2332],[0,57,2915],[1,52,2915],[0,52,3498],[1,59,3498],[0,59,4081]]
[[1,69,1085],[0,69,1628],[1,76,1628],[0,76,2170],[1,71,2170],[0,71,2713]]

[[1,53,0],[0,53,408],[1,60,408],[0,60,816],[1,55,1224],[0,55,1632],[1,62,2041],[0,62,2449],[1,57,2857],[0,57,3265],[1,52,3265],[0,52,3673],[1,59,3673],[0,59,4081],"down",[1,69,816],[0,69,1224],[1,76,1632],[0,76,2041],[1,71,2449],[0,71,2857]]

